219
216
141
147
4
5
242
14
125
223
188
347
96
241
301
12
269
15
260
334
337
45
7
278
295
329
341
287
243
348
300
159
225
58
50
103
276
171
54
265
213
22
71
104
248
177
266
205
131
271
30
313
0
207
282
143
135
115
321
246
60
41
283
196
62
314
312
107
2
27
299
78
149
317
114
28
83
343
66
20
70
92
46
210
102
193
232
244
10
68
183
91
146
335
199
35
190
97
212
132
117
222
294
304
93
336
174
88
272
277
49
197
116
122
98
296
57
284
274
234
258
76
297
252
47
56
53
194
151
270
226
292
290
262
281
206
298
247
180
195
63
172
40
9
201
79
158
136
179
229
31
17
160
291
142
307
26
288
250
327
346
94
235
13
16
155
137
110
187
318
128
36
311
204
267
139
133
280
33
203
34
11
126
239
202
129
305
161
332
173
255
72
124
121
279
106
257
186
152
181
228
153
86
211
339
24
18
87
113
8
220
64
302
233
156
1
323
191
264
6
310
80
309
344
75
320
101
109
224
245
253
331
23
268
118
170
19
169
154
230
240
99
175
217
273
249
42
111
123
237
324
140
38
345
333
227
209
61
130
51
148
200
55
254
342
138
289
119
59
316
21
67
144
32
89
84
315
325
166